13 0.663286 0.716146 0.0148026 0.0128838
13 0.17617 0.759594 0.0186404 0.0246711
11 0.549616 0.722039 0.0188231 0.0197368
11 0.23538 0.800027 0.0299708 0.0386513
11 0.17617 0.759046 0.0186404 0.0235746
13 0.352887 0.58676 0.0219298 0.0189145
10 0.35307 0.58676 0.0219298 0.0189145
11 0.406707 0.79756 0.0210161 0.0222039
13 0.279879 0.611842 0.0126096 0.0246711
10 0.0067617 0.733827 0.0135234 0.0142544
10 0.217197 0.713268 0.00785819 0.0197368
11 0.581232 0.883224 0.0217471 0.0317982
11 0.35042 0.691064 0.0188231 0.0235746
11 0.294682 0.768366 0.031981 0.0411184
