10 0.242781 0.715049 0.00749269 0.0128838
13 0.117781 0.561815 0.0180921 0.017818
11 0.117964 0.561404 0.0184576 0.0169956
13 0.433205 0.149671 0.0279605 0.0729167
11 0.625 0.846902 0.0522661 0.0550987
10 0.289291 0.660499 0.0109649 0.0128838
13 0.543768 0.409677 0.0243056 0.0211075
11 0.305099 0.448739 0.0158991 0.0224781
13 0.304916 0.448054 0.0155336 0.0216557
11 0.42151 0.789474 0.0202851 0.0317982
2 0.433205 0.150082 0.030519 0.0731908
11 0.645651 0.561404 0.0274123 0.0378289
11 0.349963 0.651864 0.0296053 0.0433114
11 0.645742 0.835115 0.031981 0.0529057
10 0.143366 0.935992 0.0166301 0.0117873
11 0.359558 0.743695 0.0155336 0.0339912
11 0.258772 0.575658 0.0179094 0.0219298
11 0.614401 0.858553 0.0343567 0.0537281
10 0.344115 0.355263 0.0222953 0.0197368
11 0.57849 0.749041 0.0352705 0.0397478
