13 0.577394 0.842791 0.00932018 0.0139803
11 0.258772 0.715049 0.0208333 0.0304276
11 0.576206 0.59841 0.0124269 0.0153509
11 0.679368 0.903783 0.0140716 0.0175439
13 0.213268 0.466009 0.0149854 0.0164474
13 0.515625 0.594298 0.00932018 0.0153509
10 0.213268 0.465735 0.0153509 0.0164474
11 0.60773 0.74205 0.0140716 0.0175439
13 0.561312 0.509594 0.0162646 0.0180921
13 0.575749 0.598958 0.0133406 0.0153509
13 0.614035 0.525768 0.0116959 0.0153509
13 0.869609 0.413651 0.0140716 0.0175439
13 0.397478 0.0349507 0.0182749 0.0260417
11 0.796144 0.519052 0.0202851 0.020011
10 0.440241 0.58676 0.00767544 0.0139803
10 0.259594 0.681606 0.0129751 0.0139803
10 0.350969 0.674068 0.0144371 0.026864
10 0.535545 0.611294 0.0173611 0.0175439
11 0.207785 0.127056 0.0215643 0.0309759
11 0.516813 0.770148 0.0296053 0.0375548
10 0.287281 0.430921 0.0233918 0.0575658
11 0.222314 0.941749 0.0433114 0.046875
11 0.412098 0.949424 0.0164474 0.0233004
11 0.854624 0.673931 0.0250365 0.0386513
11 0.540296 0.808799 0.0195541 0.0282346
11 0.47076 0.933525 0.0179094 0.0222039
11 0.238852 0.878564 0.0208333 0.026864
10 0.303363 0.772478 0.0226608 0.0186404
