13 0.243512 0.722725 0.00932018 0.0128838
10 0.351151 0.764803 0.0133406 0.0153509
10 0.246162 0.823465 0.0109649 0.0164474
13 0.194719 0.878564 0.0140716 0.0164474
13 0.746436 0.547971 0.0202851 0.0350877
13 0.241045 0.614857 0.0124269 0.0186404
10 0.241137 0.439008 0.0202851 0.020011
11 0.194444 0.878015 0.0142544 0.0164474
11 0.34311 0.914748 0.0137061 0.0246711
11 0.351791 0.766721 0.0120614 0.0175439
11 0.276407 0.707374 0.0199196 0.0211075
13 0.241045 0.439282 0.0211988 0.020011
11 0.736294 0.364995 0.0241228 0.0463268
11 0.303088 0.432292 0.0144371 0.0197368
11 0.510965 0.604852 0.0186404 0.0233004
11 0.359832 0.726151 0.0226608 0.0400219
11 0.370249 0.761239 0.0171784 0.0328947
13 0.41758 0.532209 0.0219298 0.0627741
10 0.489492 0.696272 0.0148026 0.0115132
11 0.352705 0.949973 0.0179094 0.0353618
11 0.653143 0.818805 0.0405702 0.0773026
11 0.358187 0.608964 0.0208333 0.0282346
11 0.414108 0.795916 0.0391082 0.049068
9 0.259594 0.196272 0.0882675 0.233553
