13 0.0777595 0.720806 0.00895468 0.0117873
11 0.0777595 0.720806 0.00895468 0.0117873
13 0.34311 0.32977 0.0487939 0.0953947
11 0.0398392 0.477796 0.0102339 0.0169956
10 0.17617 0.080455 0.00657895 0.0095943
13 0.547697 0.431743 0.0500731 0.0855263
11 0.547697 0.431469 0.0500731 0.0849781
2 0.341374 0.3321 0.0497076 0.0973136
11 0.246071 0.56716 0.0100512 0.0202851
11 0.110289 0.527823 0.0173611 0.0145285
11 0.117233 0.623629 0.0100512 0.0186404
11 0.165753 0.336212 0.0109649 0.0211075
11 0.166575 0.372533 0.0151681 0.0367325
11 0.710526 0.546464 0.0116959 0.0216557
11 0.417946 0.373766 0.0211988 0.0287829
11 0.182383 0.569079 0.0175439 0.0246711
11 0.215643 0.54386 0.0182749 0.0246711
11 0.100146 0.598958 0.0135234 0.0175439
11 0.0859832 0.825247 0.0184576 0.0233004
11 0.388523 0.667626 0.0456871 0.044682
