13 0.156524 0.662281 0.0104167 0.0224781
11 0.454313 0.835663 0.0102339 0.0128838
11 0.504295 0.729715 0.0133406 0.00932018
13 0.453947 0.835663 0.0102339 0.0128838
11 0.371711 0.469846 0.0157164 0.0224781
13 0.478162 0.974507 0.0188231 0.0175439
11 0.156341 0.662281 0.0107822 0.0235746
13 0.68549 0.444079 0.0109649 0.0241228
11 0.478527 0.480537 0.0264985 0.0257675
10 0.503929 0.730263 0.0140716 0.00932018
13 0.371893 0.469846 0.0157164 0.0230263
11 0.486751 0.835252 0.0133406 0.0175439
13 0.0998721 0.863898 0.0115132 0.020011
11 0.410179 0.832237 0.0133406 0.0164474
11 0.762518 0.591968 0.0180921 0.020011
10 0.127924 0.712582 0.0157164 0.0386513
11 0.0197368 0.723136 0.0142544 0.0257675
11 0.524671 0.667489 0.0219298 0.026864
11 0.47807 0.975192 0.0179094 0.0161732
11 0.560947 0.802357 0.0118787 0.0224781
11 0.396107 0.825247 0.0180921 0.0222039
11 0.424616 0.50562 0.03125 0.0545504
11 0.463359 0.955181 0.0140716 0.0222039
11 0.53591 0.947643 0.0140716 0.0235746
10 0.350786 0.609649 0.0129751 0.0350877
11 0.46875 0.750274 0.0179094 0.0257675
11 0.29651 0.886787 0.0158991 0.0175439
11 0.59174 0.68517 0.0226608 0.0271382
11 0.444993 0.87966 0.0164474 0.0257675
11 0.559393 0.745477 0.0124269 0.020011
11 0.500731 0.782346 0.0219298 0.0350877
10 0.240406 0.671053 0.00968567 0.0175439
11 0.411276 0.710938 0.0148026 0.0243969
11 0.625 0.543997 0.0171784 0.0233004
