11 0.726974 0.657072 0.0164474 0.0164474
13 0.816429 0.981086 0.0250365 0.0328947
10 0.320906 0.912418 0.0248538 0.0222039
11 0.586349 0.743147 0.0272295 0.0422149
11 0.59174 0.674616 0.0116959 0.0186404
11 0.646473 0.663514 0.0133406 0.0271382
11 0.718385 0.63898 0.0124269 0.0175439
13 0.64693 0.663514 0.0124269 0.0271382
13 0.729715 0.658169 0.0157164 0.0142544
11 0.69216 0.710938 0.00932018 0.020011
11 0.569536 0.795916 0.0173611 0.0293311
11 0.655062 0.422697 0.0100512 0.0169956
13 0.614766 0.949973 0.0171784 0.0293311
11 0.645742 0.529057 0.0133406 0.0158991
11 0.573465 0.845121 0.0164474 0.0339912
11 0.590186 0.754249 0.0210161 0.0304276
11 0.370523 0.342928 0.0202851 0.0328947
11 0.58242 0.730263 0.0266813 0.0328947
11 0.239857 0.76727 0.0180921 0.0257675
11 0.392087 0.524671 0.0188231 0.0235746
11 0.530885 0.608416 0.0241228 0.0222039
9 0.447643 0.664611 0.0524488 0.124178
10 0.472314 0.455181 0.0140716 0.0298794
