13 0.42224 0.655291 0.0126096 0.0161732
13 0.547606 0.274397 0.0202851 0.0257675
10 0.366411 0.694627 0.00986842 0.0164474
13 0.366594 0.693942 0.00986842 0.0161732
11 0.268549 0.388021 0.0177266 0.0211075
11 0.510599 0.658306 0.0124269 0.0222039
10 0.712445 0.651727 0.00932018 0.0128838
13 0.283626 0.804139 0.0109649 0.0117873
10 0.333973 0.74205 0.00749269 0.0164474
10 0.130117 0.342379 0.0164474 0.0180921
11 0.452303 0.713953 0.0109649 0.0211075
13 0.383315 0.653509 0.0451389 0.0444079
11 0.54724 0.27426 0.0210161 0.0254934
11 0.384594 0.651179 0.0433114 0.0457785
11 0.672697 0.534539 0.0124269 0.0175439
11 0.422332 0.655291 0.0116959 0.0161732
11 0.153143 0.320038 0.0138889 0.0227522
11 0.389985 0.705729 0.0120614 0.0211075
11 0.541027 0.692845 0.0140716 0.0211075
11 0.162281 0.669956 0.0164474 0.0246711
11 0.35508 0.581552 0.0208333 0.0304276
13 0.216374 0.938871 0.0409357 0.0751096
11 0.382219 0.451069 0.0126096 0.017818
11 0.324105 0.818257 0.0144371 0.026864
11 0.465643 0.689282 0.0157164 0.0211075
11 0.47542 0.603755 0.0195541 0.0271382
11 0.483187 0.682155 0.0157164 0.0222039
11 0.536367 0.412966 0.0164474 0.0205592
10 0.906981 0.659265 0.0219298 0.0175439
11 0.327577 0.653509 0.0188231 0.0279605
11 0.390625 0.580592 0.0122442 0.0213816
11 0.203125 0.700932 0.0148026 0.0350877
11 0.405793 0.407346 0.0166301 0.0180921
11 0.516082 0.589638 0.0164474 0.0246711
10 0.110746 0.515762 0.0186404 0.020011
11 0.531615 0.730811 0.0164474 0.0175439
11 0.619518 0.803043 0.0157164 0.0293311
11 0.0718202 0.876782 0.0168129 0.0222039
13 0.216283 0.514117 0.0513523 0.107182
11 0.0800439 0.733141 0.0244883 0.0304276
11 0.23803 0.760143 0.0191886 0.0246711
11 0.451572 0.747396 0.0171784 0.0211075
9 0.16292 0.432703 0.0970395 0.116502
9 0.290844 0.436815 0.0820541 0.114309
