11 0.442617 0.887884 0.0102339 0.0115132
11 0.372624 0.87966 0.0124269 0.0142544
11 0.401224 0.796464 0.0107822 0.0293311
13 0.429642 0.68051 0.0226608 0.0611294
11 0.355811 0.815241 0.0105994 0.0142544
11 0.0856177 0.620751 0.0126096 0.0233004
11 0.471034 0.491776 0.0422149 0.0422149
2 0.299616 0.417626 0.0531798 0.0660636
11 0.430007 0.681058 0.0226608 0.0583882
11 0.689053 0.870888 0.0243056 0.0328947
13 0.380117 0.617736 0.0288743 0.0786732
11 0.374452 0.912007 0.0160819 0.0164474
11 0.487939 0.890214 0.0164474 0.0304276
11 0.444901 0.97108 0.031981 0.0304276
10 0.348684 0.429962 0.0105994 0.0243969
11 0.317526 0.885554 0.036367 0.0457785
