10 0.41557 0.728481 0.0109649 0.0222039
13 0.415205 0.728481 0.0109649 0.0222039
10 0.639894 0.993284 0.00932018 0.0128838
11 0.41557 0.728481 0.0116959 0.0222039
11 0.490588 0.791804 0.0195541 0.0161732
11 0.452394 0.961623 0.0148026 0.0175439
11 0.440241 0.983964 0.0157164 0.0211075
11 0.558205 0.628289 0.0155336 0.0279605
11 0.438231 0.713816 0.0179094 0.0317982
11 0.394645 0.556606 0.0191886 0.0211075
11 0.409357 0.896656 0.0157164 0.0246711
10 0.486751 0.610197 0.0148026 0.0328947
10 0.346491 0.859786 0.0124269 0.0243969
13 0.574653 0.855126 0.0531798 0.125274
11 0.104989 0.947643 0.0378289 0.0679825
9 0.47076 0.0383772 0.0796784 0.0767544
9 0.303728 0.793448 0.10307 0.123081
