11 0.217745 0.807566 0.0129751 0.0164474
10 0.218567 0.992736 0.00657895 0.0139803
11 0.433571 0.785362 0.0180921 0.0257675
11 0.416027 0.827577 0.0162646 0.0339912
13 0.178819 0.962856 0.0118787 0.0271382
11 0.287372 0.986294 0.0144371 0.0246711
10 0.223593 0.78591 0.0137061 0.0153509
11 0.402412 0.800027 0.0164474 0.0315241
10 0.317069 0.769052 0.0109649 0.0386513
11 0.284174 0.832237 0.0168129 0.0350877
11 0.457785 0.786595 0.0164474 0.0282346
11 0.304094 0.851562 0.0157164 0.0243969
11 0.57383 0.647067 0.0186404 0.0282346
10 0.438322 0.30688 0.00712719 0.013432
11 0.333973 0.643503 0.0162646 0.0211075
11 0.284174 0.615954 0.0252193 0.0339912
11 0.46208 0.828125 0.0188231 0.0307018
11 0.498812 0.787692 0.0148026 0.017818
11 0.193439 0.655291 0.0246711 0.0353618
11 0.291393 0.703947 0.0202851 0.0317982
10 0.739035 0.710389 0.0109649 0.0128838
11 0.356451 0.923109 0.0133406 0.0222039
11 0.494974 0.841009 0.0188231 0.0257675
11 0.387244 0.629386 0.0230263 0.0422149
11 0.244335 0.733141 0.0179094 0.0304276
11 0.53125 0.829907 0.0226608 0.0293311
11 0.636696 0.82278 0.0211988 0.0282346
10 0.20212 0.533991 0.0116959 0.0224781
2 0.471491 0.705729 0.0358187 0.0912829
11 0.435216 0.955318 0.0195541 0.0422149
