10 0.407072 0.806469 0.0195541 0.0164474
11 0.41292 0.82045 0.0155336 0.0175439
2 0.0822368 0.347862 0.0372807 0.0696272
11 0.408808 0.807566 0.0197368 0.0186404
11 0.862482 0.771245 0.0155336 0.0293311
13 0.0813231 0.348821 0.0376462 0.0720943
11 0.205775 0.647067 0.0149854 0.0282346
11 0.453125 0.822368 0.0188231 0.0422149
11 0.565607 0.618421 0.0149854 0.026864
11 0.256579 0.900768 0.0113304 0.0175439
11 0.447734 0.853893 0.0171784 0.0317982
11 0.591374 0.788788 0.0164474 0.0211075
11 0.450384 0.836897 0.0195541 0.0504386
11 0.429733 0.530702 0.0476974 0.0745614
11 0.452303 0.955181 0.0102339 0.0222039
11 0.373264 0.794682 0.0188231 0.0350877
11 0.31186 0.939556 0.0144371 0.0293311
10 0.362116 0.405976 0.0148026 0.0202851
11 0.0843384 0.77426 0.0213816 0.0375548
11 0.288469 0.920093 0.0195541 0.0282346
11 0.223227 0.715598 0.0202851 0.0375548
11 0.321729 0.834567 0.0257675 0.0315241
9 0.119335 0.532072 0.0917398 0.154057
