13 0.576937 0.757812 0.0124269 0.0222039
11 0.589455 0.888569 0.0202851 0.0375548
11 0.576937 0.757812 0.0124269 0.0222039
11 0.563688 0.669956 0.0126096 0.0175439
13 0.610563 0.709156 0.0157164 0.0186404
11 0.339273 0.672286 0.0520833 0.0655154
13 0.563688 0.669956 0.0126096 0.0175439
10 0.610563 0.709156 0.0157164 0.0186404
11 0.382858 0.812363 0.0219298 0.0315241
13 0.339638 0.66886 0.0502558 0.0597588
11 0.376188 0.838679 0.0323465 0.0326206
11 0.449196 0.952988 0.0131579 0.0222039
11 0.41292 0.831552 0.0188231 0.0304276
11 0.580866 0.897752 0.0188231 0.0433114
11 0.464912 0.983416 0.0226608 0.0211075
11 0.526955 0.408032 0.0148026 0.0194627
10 0.287646 0.50795 0.0175439 0.033443
10 0.697277 0.65063 0.00932018 0.0117873
11 0.145742 0.837582 0.025402 0.0304276
11 0.39492 0.715049 0.0179094 0.0233004
11 0.193257 0.905428 0.0217471 0.0411184
11 0.408991 0.58676 0.0186404 0.0282346
11 0.464821 0.768366 0.0188231 0.0235746
11 0.205227 0.623081 0.0339912 0.0690789
10 0.514894 0.572917 0.0188231 0.0219298
3 0.44682 0.0442708 0.0734649 0.0852522
