13 0.246436 0.376919 0.0597588 0.120614
11 0.481268 0.462445 0.0656067 0.0520833
2 0.246528 0.377193 0.063231 0.119518
11 0.330592 0.852796 0.0171784 0.0186404
11 0.223776 0.948739 0.0191886 0.0246711
11 0.268092 0.802906 0.0230263 0.0224781
11 0.673885 0.934759 0.0140716 0.0197368
11 0.54651 0.930647 0.0155336 0.0224781
11 0.255939 0.870888 0.0656067 0.0866228
11 0.500731 0.825247 0.0625 0.0808662
10 0.375548 0.578673 0.0274123 0.0208333
11 0.475329 0.753152 0.0226608 0.0304276
11 0.473045 0.894326 0.0436769 0.0501645
11 0.407803 0.907895 0.029057 0.0504386
