13 0.532438 0.520011 0.0257675 0.0433114
10 0.311404 0.887884 0.0168129 0.0307018
13 0.212719 0.384594 0.0215643 0.0323465
13 0.222862 0.777686 0.0126096 0.0186404
11 0.532803 0.521107 0.0257675 0.0449561
13 0.311129 0.888569 0.0166301 0.0304276
10 0.528052 0.848684 0.0195541 0.0186404
13 0.528052 0.848684 0.0202851 0.0186404
11 0.207054 0.905428 0.0288743 0.0504386
11 0.203125 0.883224 0.0257675 0.0317982
10 0.321089 0.49205 0.0175439 0.0175439
13 0.590643 0.474232 0.0248538 0.0751096
13 0.245523 0.561129 0.025402 0.0734649
11 0.209247 0.91886 0.0252193 0.0328947
11 0.0203765 0.296053 0.0246711 0.0350877
