11 0.272478 0.988761 0.0157164 0.0175439
11 0.616411 0.726288 0.0204678 0.0293311
13 0.338907 0.538377 0.026864 0.0712719
13 0.0328947 0.834567 0.0146199 0.0222039
10 0.0328034 0.834567 0.0144371 0.0233004
11 0.295322 0.680373 0.0208333 0.0257675
11 0.379477 0.929962 0.0133406 0.0211075
11 0.612116 0.824013 0.0148026 0.0307018
11 0.637884 0.684485 0.0345395 0.0597588
11 0.162281 0.688596 0.0310673 0.0350877
10 0.149945 0.600192 0.0239401 0.0189145
11 0.567526 0.710389 0.0648757 0.0879934
9 0.45943 0.466968 0.0899123 0.141721
