13 0.0773026 0.555099 0.0164474 0.0230263
10 0.54258 0.42722 0.0186404 0.0216557
13 0.54258 0.427632 0.0179094 0.0202851
13 0.526224 0.778235 0.03125 0.0690789
10 0.45943 0.375822 0.0274123 0.0230263
11 0.0772113 0.555373 0.0162646 0.0235746
13 0.447734 0.0533169 0.0281433 0.044682
11 0.420687 0.944764 0.0124269 0.0222039
11 0.491868 0.323876 0.0202851 0.0276864
11 0.256853 0.932429 0.0144371 0.020011
10 0.679276 0.727933 0.0124269 0.0315241
11 0.257584 0.78591 0.0137061 0.0186404
11 0.279514 0.68051 0.0188231 0.0315241
11 0.30117 0.897889 0.0171784 0.0326206
10 0.799799 0.149534 0.0158991 0.0309759
11 0.22871 0.618421 0.0564693 0.0773026
11 0.198739 0.848684 0.0301535 0.0422149
11 0.448099 0.744929 0.0281433 0.0457785
11 0.468385 0.599781 0.0445906 0.0701754
11 0.269554 0.530428 0.0497076 0.0751096
