13 0.151955 0.432566 0.0210161 0.0323465
10 0.30117 0.776453 0.0120614 0.0128838
10 0.193713 0.439008 0.0116959 0.0233004
10 0.0209247 0.715598 0.0140716 0.0211075
11 0.135417 0.934759 0.0146199 0.0164474
10 0.153052 0.434348 0.0195541 0.0293311
11 0.487482 0.746025 0.0148026 0.0282346
13 0.489035 0.697368 0.0625 0.0948465
10 0.87966 0.490543 0.0126096 0.013432
11 0.488304 0.700384 0.0584795 0.095943
10 0.315241 0.798246 0.0171784 0.0186404
13 0.87966 0.490269 0.0126096 0.0139803
11 0.114309 0.690927 0.0188231 0.0304276
11 0.184759 0.534814 0.0233918 0.0339912
10 0.592197 0.595669 0.0469664 0.0498904
11 0.190972 0.834567 0.0197368 0.0364583
13 0.498447 0.597862 0.0743787 0.0855263
11 0.341192 0.673383 0.0296053 0.0293311
11 0.169408 0.665844 0.0160819 0.0279605
11 0.776133 0.812911 0.0241228 0.0315241
11 0.433571 0.867873 0.0195541 0.0350877
11 0.566064 0.336212 0.0188231 0.0282346
