10 0.672606 0.393366 0.0140716 0.0372807
13 0.411276 0.742599 0.0210161 0.0257675
10 0.315241 0.900219 0.0489766 0.0372807
13 0.397387 0.652412 0.0144371 0.0235746
13 0.316064 0.901453 0.0484284 0.0375548
11 0.200018 0.771245 0.0137061 0.0211075
11 0.292032 0.512884 0.0222953 0.0235746
11 0.470669 0.601288 0.0250365 0.0304276
10 0.773118 0.665159 0.0148026 0.0293311
11 0.289656 0.778235 0.0175439 0.026864
11 0.245249 0.522615 0.0226608 0.0386513
10 0.686312 0.544271 0.0126096 0.0145285
11 0.471491 0.945861 0.0219298 0.0304276
10 0.354167 0.590186 0.0175439 0.0153509
11 0.221674 0.584019 0.0259503 0.0326206
11 0.568805 0.567297 0.0546418 0.0858004
