13 0.699196 0.67818 0.0515351 0.0422149
10 0.679276 0.686952 0.0336257 0.026864
13 0.68083 0.6875 0.0374634 0.0257675
11 0.00749269 0.69449 0.0146199 0.0386513
11 0.690607 0.603755 0.0124269 0.0233004
11 0.202668 0.846354 0.0160819 0.0211075
11 0.548428 0.858553 0.0171784 0.026864
11 0.0481542 0.704496 0.0173611 0.0317982
11 0.755117 0.248218 0.0226608 0.0375548
11 0.642635 0.837034 0.0148026 0.0211075
11 0.641082 0.649397 0.0164474 0.0350877
11 0.415296 0.464775 0.0257675 0.0370066
11 0.324013 0.544956 0.063231 0.0696272
