11 0.336531 0.718476 0.0473319 0.0608553
13 0.15625 0.522478 0.0142544 0.033443
11 0.0590278 0.975192 0.0215643 0.0304276
11 0.412463 0.648849 0.0179094 0.0186404
11 0.580044 0.762473 0.0288743 0.0457785
11 0.453125 0.904879 0.0210161 0.0350877
13 0.0921966 0.599644 0.0177266 0.0211075
10 0.155976 0.523163 0.0137061 0.0320724
13 0.661367 0.459567 0.0522661 0.0655154
13 0.0509868 0.787692 0.0570175 0.0677083
11 0.39894 0.714501 0.0208333 0.0397478
11 0.42352 0.522478 0.03125 0.0586623
11 0.594938 0.547423 0.0243056 0.035636
11 0.416027 0.766036 0.0264985 0.0293311
13 0.335983 0.715735 0.0480629 0.0597588
11 0.500822 0.97574 0.0202851 0.0293311
11 0.584795 0.750685 0.0281433 0.0304276
11 0.66758 0.846217 0.0226608 0.0350877
11 0.514437 0.674068 0.0248538 0.0339912
11 0.572277 0.795367 0.0243056 0.0315241
11 0.465643 0.713268 0.0405702 0.0783991
11 0.493787 0.873355 0.0219298 0.0257675
11 0.307931 0.460389 0.0621345 0.0720943
9 0.565972 0.232456 0.0749269 0.129386
