11 0.445724 0.393914 0.0233918 0.0235746
13 0.334704 0.445724 0.0202851 0.0263158
11 0.266173 0.671601 0.0418494 0.0422149
13 0.726517 0.897204 0.0148026 0.026864
13 0.344298 0.814145 0.0157164 0.0328947
11 0.726882 0.896656 0.0148026 0.026864
13 0.443439 0.607319 0.0140716 0.0211075
11 0.334521 0.446957 0.0199196 0.0238487
13 0.348227 0.497122 0.0133406 0.0189145
13 0.266996 0.671738 0.0413012 0.044682
13 0.416849 0.664748 0.0171784 0.0257675
11 0.34375 0.814693 0.0157164 0.0317982
11 0.451572 0.672834 0.0164474 0.0189145
13 0.451572 0.672834 0.0171784 0.0189145
13 0.444901 0.394189 0.0235746 0.0235746
11 0.355446 0.802357 0.0226608 0.0422149
11 0.715643 0.468065 0.0164474 0.0348136
11 0.361111 0.796464 0.0179094 0.0364583
11 0.40223 0.702714 0.0219298 0.0315241
11 0.478527 0.862116 0.0180921 0.0224781
11 0.443439 0.607319 0.0140716 0.0222039
11 0.445724 0.777138 0.0281433 0.0307018
13 0.179002 0.472177 0.0418494 0.0644189
11 0.349415 0.968202 0.0252193 0.0422149
11 0.088633 0.648849 0.0413012 0.0504386
