13 0.419499 0.51165 0.00858918 0.0145285
11 0.501553 0.701069 0.0118787 0.0211075
11 0.281981 0.541667 0.0109649 0.0175439
13 0.276042 0.579633 0.0148026 0.0364583
10 0.505391 0.691064 0.00858918 0.0164474
13 0.449653 0.584841 0.0155336 0.0386513
13 0.540205 0.656387 0.0109649 0.0117873
13 0.48867 0.800576 0.0109649 0.0117873
10 0.449196 0.584841 0.0157164 0.0386513
10 0.419134 0.511787 0.00858918 0.0158991
11 0.27659 0.579633 0.0144371 0.0375548
11 0.494518 0.712719 0.0109649 0.0153509
11 0.352156 0.698739 0.0157164 0.0246711
9 0.113304 0.473136 0.056652 0.120066
