10 0.516082 0.695175 0.0116959 0.0257675
10 0.668768 0.558662 0.00932018 0.0153509
13 0.770285 0.76727 0.0219298 0.0328947
2 0.492599 0.676946 0.030519 0.0748355
2 0.253289 0.582237 0.0274123 0.0899123
11 0.262884 0.624178 0.0206506 0.0279605
11 0.433662 0.913651 0.0171784 0.0246711
11 0.661001 0.585938 0.0171784 0.0271382
11 0.604258 0.716831 0.0148026 0.0186404
10 0.367781 0.433799 0.00932018 0.0128838
13 0.252741 0.583745 0.0248538 0.0890899
10 0.052723 0.220806 0.00932018 0.013432
10 0.464455 0.981086 0.0140716 0.0153509
10 0.178271 0.902549 0.0137061 0.0128838
11 0.618695 0.761376 0.0195541 0.0315241
13 0.354532 0.550439 0.0511696 0.0679825
11 0.719115 0.773026 0.0219298 0.0361842
11 0.2892 0.918997 0.0250365 0.0304276
10 0.544591 0.334567 0.00621345 0.0123355
10 0.418311 0.330044 0.0102339 0.0109649
10 0.276681 0.496573 0.0113304 0.0205592
9 0.294134 0.407621 0.0721857 0.0844298
