11 0.405062 0.970532 0.00858918 0.020011
13 0.138615 0.773026 0.0316155 0.0339912
13 0.277504 0.461349 0.0100512 0.0169956
10 0.61367 0.668174 0.0818713 0.0419408
11 0.277504 0.4608 0.0100512 0.0164474
13 0.976517 0.480674 0.0155336 0.0238487
11 0.976517 0.481223 0.0155336 0.0243969
10 0.46674 0.719161 0.0116959 0.0128838
13 0.282164 0.582511 0.0120614 0.0285088
11 0.282072 0.582648 0.0129751 0.0304276
11 0.59375 0.671601 0.0782164 0.0433114
11 0.572186 0.673383 0.0343567 0.0375548
13 0.720669 0.666393 0.0126096 0.0153509
13 0.340186 0.749041 0.00968567 0.020011
11 0.0677083 0.534951 0.0111477 0.0139803
13 0.322917 0.719161 0.0116959 0.0293311
13 0.740223 0.534539 0.0155336 0.0164474
13 0.371162 0.649397 0.056652 0.0679825
13 0.580044 0.815789 0.0116959 0.0246711
13 0.693348 0.65063 0.0109649 0.0139803
10 0.262701 0.916667 0.00968567 0.0104167
10 0.720669 0.666393 0.0126096 0.0153509
11 0.234923 0.759594 0.0133406 0.0186404
11 0.181104 0.652961 0.0109649 0.0153509
10 0.472588 0.593202 0.0116959 0.026864
10 0.725786 0.576617 0.00785819 0.0117873
10 0.491411 0.636513 0.0149854 0.026864
11 0.364675 0.800576 0.0180921 0.0150768
10 0.375 0.542215 0.00950292 0.0109649
11 0.151955 0.55784 0.0151681 0.0257675
11 0.255482 0.494655 0.0153509 0.0282346
11 0.13962 0.77193 0.0296053 0.0328947
10 0.576937 0.876234 0.0131579 0.0386513
11 0.226791 0.709293 0.0215643 0.0304276
11 0.0836988 0.77193 0.0190058 0.0257675
11 0.299616 0.855674 0.0177266 0.0233004
11 0.147387 0.815789 0.0122442 0.0235746
11 0.423063 0.850877 0.0171784 0.0257675
11 0.10508 0.818805 0.0175439 0.0186404
11 0.396656 0.462308 0.0224781 0.0463268
11 0.391996 0.893229 0.0222953 0.020011
11 0.464821 0.881442 0.0272295 0.0693531
11 0.405062 0.531661 0.0180921 0.0309759
11 0.227979 0.935444 0.0133406 0.020011
11 0.272295 0.698602 0.0222953 0.0375548
11 0.606268 0.464775 0.0264985 0.0381031
11 0.416849 0.783032 0.0124269 0.0243969
11 0.237482 0.87034 0.0264985 0.0350877
11 0.211988 0.411458 0.0339912 0.0438596
