13 0.178088 0.497259 0.0133406 0.0246711
11 0.0259503 0.739035 0.0131579 0.0104167
11 0.187135 0.47574 0.0215643 0.0211075
11 0.0907346 0.729578 0.0140716 0.0128838
11 0.543037 0.531113 0.0484284 0.049068
13 0.0256762 0.739035 0.0129751 0.0104167
13 0.279697 0.41187 0.0100512 0.0189145
11 0.27129 0.520422 0.00785819 0.0128838
11 0.0304276 0.590323 0.0104167 0.0128838
13 0.685947 0.286732 0.0148026 0.03125
11 0.309576 0.562363 0.00804094 0.0128838
13 0.0551901 0.581689 0.0149854 0.0208333
13 0.262336 0.604304 0.0184576 0.0353618
10 0.0553728 0.581003 0.0149854 0.0205592
13 0.499269 0.545641 0.0164474 0.0287829
11 0.247716 0.770148 0.00785819 0.0106908
13 0.284905 0.596628 0.0288743 0.0671601
13 0.0308845 0.590323 0.0102339 0.0139803
11 0.178271 0.495614 0.0158991 0.0279605
11 0.112208 0.706277 0.0153509 0.020011
10 0.686312 0.286458 0.0140716 0.03125
13 0.617233 0.581963 0.0188231 0.0350877
13 0.257493 0.433799 0.0175439 0.0276864
13 0.543768 0.529331 0.0484284 0.0487939
11 0.534357 0.658854 0.0186404 0.0315241
11 0.560855 0.0352248 0.0171784 0.0243969
11 0.853893 0.751371 0.0140716 0.0197368
13 0.107365 0.420367 0.0177266 0.0386513
11 0.279331 0.413377 0.00968567 0.0180921
13 0.265077 0.242325 0.0191886 0.0307018
11 0.107639 0.420641 0.0175439 0.0375548
11 0.241594 0.586212 0.0219298 0.0282346
13 0.500822 0.836349 0.0202851 0.026864
11 0.470669 0.893229 0.0155336 0.020011
11 0.486659 0.620751 0.0109649 0.020011
11 0.424616 0.893229 0.0155336 0.0222039
11 0.315241 0.446409 0.0186404 0.0331689
11 0.961714 0.442297 0.0155336 0.0287829
11 0.175073 0.614172 0.0248538 0.0386513
11 0.176535 0.649945 0.0138889 0.0186404
11 0.213633 0.850329 0.0226608 0.0339912
10 0.388706 0.609512 0.0263158 0.0222039
11 0.712537 0.652961 0.0179094 0.0246711
11 0.556652 0.955866 0.0248538 0.0279605
11 0.217379 0.793037 0.0155336 0.0175439
11 0.304916 0.527823 0.0206506 0.0298794
10 0.108735 0.670504 0.0171784 0.0142544
11 0.787738 0.568531 0.026133 0.0433114
11 0.0979532 0.759046 0.0186404 0.0328947
11 0.430007 0.835115 0.0226608 0.0304276
11 0.719481 0.471628 0.0179094 0.0397478
11 0.202668 0.326206 0.0171784 0.0345395
11 0.494518 0.686404 0.0303363 0.0433114
11 0.432474 0.479167 0.0148026 0.0246711
10 0.737847 0.075932 0.00785819 0.0137061
11 0.208151 0.560718 0.0179094 0.0331689
11 0.168677 0.458059 0.0529971 0.0838816
11 0.273209 0.750274 0.0230263 0.0257675
10 0.510234 0.218065 0.0116959 0.0216557
11 0.223501 0.51165 0.0222953 0.0370066
