11 0.527778 0.438734 0.0179094 0.0391996
2 0.274214 0.279194 0.0374634 0.075932
10 0.203582 0.573054 0.0164474 0.0381031
10 0.757401 0.753701 0.0188231 0.0139803
11 0.388615 0.688734 0.0151681 0.0293311
10 0.0478801 0.768366 0.00694444 0.0197368
13 0.104532 0.509046 0.0190058 0.0274123
13 0.273666 0.279468 0.035636 0.0764803
13 0.203582 0.571135 0.0168129 0.0381031
10 0.483644 0.621299 0.00932018 0.017818
13 0.388889 0.688734 0.0153509 0.0282346
13 0.502284 0.665296 0.031981 0.0515351
11 0.216009 0.381031 0.0219298 0.0246711
10 0.538651 0.506442 0.0264985 0.0381031
10 0.512427 0.540433 0.0116959 0.0101425
11 0.503107 0.665844 0.0328947 0.0504386
13 0.530062 0.439282 0.0195541 0.0370066
11 0.104624 0.508498 0.0188231 0.0274123
10 0.391173 0.28358 0.0100512 0.0128838
13 0.28792 0.511924 0.0206506 0.0567434
11 0.564145 0.393366 0.0226608 0.0328947
11 0.513249 0.718476 0.0210161 0.0422149
11 0.898483 0.764803 0.0264985 0.026864
10 0.193531 0.293723 0.0116959 0.0298794
11 0.699927 0.639391 0.0226608 0.0315241
11 0.51133 0.948739 0.0219298 0.0339912
11 0.373812 0.822917 0.0184576 0.0350877
11 0.686312 0.424068 0.0272295 0.0449561
11 0.692891 0.898438 0.0367325 0.0529057
