10 0.489401 0.432292 0.00621345 0.0109649
11 0.25795 0.696272 0.0202851 0.0307018
13 0.380665 0.787144 0.0259503 0.0222039
11 0.543403 0.456414 0.0148026 0.0263158
11 0.81716 0.733827 0.0126096 0.026864
13 0.00968567 0.122259 0.0168129 0.0246711
11 0.3803 0.787692 0.0244883 0.0233004
13 0.211349 0.715598 0.0144371 0.0353618
11 0.486659 0.473684 0.0164474 0.0317982
10 0.410179 0.928317 0.00712719 0.0117873
11 0.682474 0.598958 0.0202851 0.0186404
10 0.492599 0.744929 0.00858918 0.0117873
13 0.166758 0.409128 0.0243056 0.0315241
11 0.520285 0.475466 0.0157164 0.0381031
11 0.254112 0.716694 0.0148026 0.0222039
11 0.541758 0.174753 0.0188231 0.0243969
10 0.650768 0.39364 0.00621345 0.0104167
11 0.673428 0.491502 0.0179094 0.0350877
11 0.517544 0.31949 0.0288743 0.0320724
11 0.531707 0.217242 0.0148026 0.0238487
11 0.477796 0.566338 0.0195541 0.0372807
11 0.285362 0.699836 0.0213816 0.0411184
10 0.43951 0.769463 0.0109649 0.0104167
11 0.405702 0.697505 0.0190058 0.0282346
11 0.327577 0.676946 0.0206506 0.0222039
11 0.539839 0.664062 0.0116959 0.0233004
11 0.660545 0.665296 0.0173611 0.0257675
11 0.156067 0.92256 0.0233918 0.0386513
11 0.159814 0.721491 0.0206506 0.0235746
11 0.0235746 0.469572 0.0343567 0.0498904
13 0.321546 0.505894 0.0597588 0.0627741
11 0.26992 0.833882 0.0157164 0.0339912
10 0.531981 0.547149 0.0102339 0.0164474
