11 0.607456 0.45847 0.0219298 0.0227522
11 0.203856 0.507401 0.0177266 0.0422149
13 0.204313 0.507127 0.0179094 0.0422149
13 0.607456 0.458196 0.0219298 0.0222039
11 0.643366 0.620751 0.0217471 0.0304276
10 0.668403 0.773575 0.0188231 0.0175439
11 0.578582 0.861568 0.0164474 0.0186404
11 0.111659 0.936541 0.0222953 0.0375548
11 0.738304 0.416255 0.0226608 0.0271382
11 0.37701 0.91886 0.0175439 0.0328947
11 0.20943 0.717379 0.0222953 0.0361842
11 0.476151 0.823465 0.03125 0.0350877
11 0.346126 0.726151 0.0354532 0.0482456
