13 0.184211 0.825795 0.0285088 0.0282346
13 0.249817 0.677495 0.0215643 0.0211075
10 0.249817 0.677495 0.0215643 0.0211075
13 0.472222 0.709156 0.0109649 0.0186404
10 0.534722 0.564145 0.00621345 0.0109649
13 0.551535 0.780016 0.0116959 0.020011
11 0.119152 0.895559 0.0186404 0.0257675
11 0.386148 0.677632 0.0215643 0.0339912
10 0.184211 0.82511 0.0259503 0.026864
10 0.406981 0.9571 0.0109649 0.0282346
11 0.632858 0.802906 0.0179094 0.0197368
11 0.355903 0.649397 0.0140716 0.0317982
11 0.229532 0.631853 0.0230263 0.029057
11 0.26133 0.923109 0.0237573 0.0304276
11 0.30985 0.795916 0.0199196 0.0364583
11 0.509412 0.492736 0.032712 0.0452303
