11 0.633955 0.73369 0.0164474 0.0222039
10 0.634412 0.733141 0.0155336 0.020011
11 0.365954 0.735609 0.0191886 0.0282346
10 0.538651 0.735609 0.00858918 0.0139803
13 0.0529057 0.609101 0.0155336 0.0257675
13 0.183754 0.471765 0.0235746 0.0685307
11 0.358004 0.534539 0.0175439 0.0235746
11 0.0529971 0.608964 0.0149854 0.0271382
11 0.430921 0.542489 0.0562866 0.0509868
11 0.574561 0.770696 0.0164474 0.0271382
11 0.412098 0.801672 0.0149854 0.0304276
11 0.374269 0.58909 0.0179094 0.026864
11 0.358187 0.597862 0.0124269 0.0235746
11 0.686678 0.853207 0.0148026 0.0211075
11 0.400402 0.839227 0.0124269 0.0271382
11 0.598867 0.725055 0.0179094 0.0317982
11 0.362299 0.743284 0.0148026 0.0211075
11 0.541393 0.780154 0.0133406 0.0257675
11 0.482822 0.579907 0.0164474 0.0254934
11 0.452394 0.575932 0.0188231 0.0202851
11 0.558571 0.819353 0.0195541 0.0279605
11 0.397844 0.553043 0.0182749 0.0271382
11 0.325018 0.749589 0.0188231 0.0282346
10 0.21811 0.483004 0.00895468 0.0153509
11 0.291941 0.631853 0.037098 0.0433114
11 0.494974 0.716831 0.030519 0.0350877
11 0.380482 0.725603 0.0160819 0.0235746
11 0.362299 0.797697 0.0213816 0.0350877
11 0.23008 0.797697 0.0208333 0.0279605
11 0.321089 0.490269 0.0160819 0.0287829
11 0.257401 0.78358 0.0195541 0.0501645
11 0.549982 0.927769 0.0155336 0.0315241
11 0.770285 0.499726 0.0219298 0.0323465
11 0.39492 0.963542 0.0179094 0.0235746
11 0.394189 0.472451 0.0193713 0.0282346
10 0.643732 0.617188 0.0155336 0.0457785
11 0.49799 0.405428 0.0288743 0.0416667
