13 0.64026 0.627056 0.0126096 0.0222039
11 0.639437 0.626508 0.0124269 0.0211075
13 0.51599 0.773575 0.0133406 0.0186404
11 0.609375 0.96176 0.0195541 0.0271382
11 0.337902 0.590872 0.0135234 0.0189145
13 0.382675 0.981634 0.0160819 0.0246711
13 0.347039 0.985197 0.0244883 0.0197368
11 0.209704 0.597862 0.0286915 0.0400219
13 0.76133 0.431195 0.0336257 0.0586623
11 0.80318 0.791255 0.0219298 0.0211075
11 0.278509 0.95943 0.0109649 0.0164474
11 0.515625 0.773712 0.0133406 0.020011
13 0.253929 0.309211 0.0126096 0.0169956
11 0.989857 0.261513 0.0188231 0.0515351
11 0.253655 0.309211 0.0120614 0.0169956
10 0.0933845 0.908991 0.0230263 0.0197368
11 0.594572 0.712719 0.0148026 0.0224781
11 0.224232 0.602522 0.0215643 0.0339912
11 0.450749 0.565789 0.0155336 0.026864
11 0.700749 0.824013 0.0133406 0.0186404
11 0.842197 0.814556 0.0140716 0.0222039
11 0.467928 0.613624 0.0188231 0.0282346
11 0.606634 0.954084 0.0195541 0.0161732
11 0.551901 0.923657 0.0164474 0.0304276
11 0.655062 0.492188 0.0586623 0.0627741
11 0.473867 0.553591 0.0241228 0.0304276
13 0.615588 0.568257 0.0835161 0.13761
11 0.0208333 0.862116 0.0241228 0.0493421
11 0.558205 0.731908 0.0173611 0.0339912
11 0.610928 0.975192 0.0157164 0.0243969
11 0.331049 0.618284 0.0202851 0.0222039
11 0.499178 0.764803 0.0155336 0.0317982
11 0.225329 0.975192 0.0164474 0.0243969
11 0.312226 0.750822 0.0195541 0.0279605
11 0.60042 0.913651 0.0195541 0.026864
11 0.205227 0.875685 0.0193713 0.0222039
11 0.20212 0.969298 0.0168129 0.0235746
11 0.200201 0.597862 0.0188231 0.0400219
11 0.626919 0.745477 0.0148026 0.0304276
11 0.397752 0.741365 0.0177266 0.0304276
11 0.530885 0.876782 0.0211988 0.0243969
11 0.637884 0.911321 0.0180921 0.0326206
11 0.140351 0.617873 0.0190058 0.0339912
11 0.802083 0.917215 0.0222953 0.0339912
10 0.461349 0.479715 0.0235746 0.0350877
11 0.281433 0.713953 0.0175439 0.0211075
11 0.699196 0.615406 0.0219298 0.0279605
10 0.547606 0.544271 0.0374634 0.0375548
11 0.495705 0.675164 0.03125 0.0526316
11 0.501188 0.869792 0.0217471 0.0246711
13 0.256396 0.533717 0.0796784 0.133224
11 0.314419 0.821135 0.025402 0.0282346
9 0.366137 0.404331 0.0835161 0.110746
