11 0.310216 0.992188 0.00895468 0.0150768
11 0.30053 0.72437 0.0202851 0.0408443
11 0.272387 0.883224 0.0140716 0.0197368
10 0.285179 0.259594 0.031981 0.0438596
10 0.115771 0.68983 0.0122442 0.0161732
13 0.757767 0.709156 0.0202851 0.0186404
13 0.298885 0.885554 0.0140716 0.0293311
11 0.55117 0.530428 0.0116959 0.0246711
13 0.272021 0.883772 0.0137061 0.0224781
11 0.285179 0.258909 0.03125 0.044682
11 0.298885 0.885005 0.0137061 0.0304276
13 0.614401 0.767681 0.0508041 0.0550987
10 0.958516 0.143229 0.0171784 0.0304276
13 0.274671 0.767133 0.0343567 0.0726425
11 0.410545 0.609512 0.0235746 0.0304276
11 0.231451 0.879112 0.0246711 0.0279605
11 0.261513 0.476014 0.0215643 0.0298794
11 0.471126 0.68983 0.0219298 0.0233004
11 0.633589 0.82977 0.0193713 0.0257675
11 0.324013 0.828125 0.0292398 0.0586623
11 0.49333 0.857456 0.0140716 0.026864
10 0.387336 0.733279 0.00822368 0.0164474
11 0.445724 0.87267 0.0211988 0.0435855
11 0.347131 0.92119 0.0191886 0.0304276
11 0.368056 0.842105 0.0226608 0.0422149
