11 0.615223 0.727385 0.033443 0.0540022
13 0.17352 0.880894 0.00968567 0.0139803
11 0.69883 0.611294 0.0266813 0.0235746
13 0.491045 0.802357 0.0391082 0.0586623
10 0.794956 0.506442 0.0116959 0.0117873
11 0.577668 0.722725 0.0116959 0.0222039
11 0.44417 0.97807 0.0140716 0.0153509
10 0.416849 0.727385 0.00621345 0.0150768
11 0.549616 0.712034 0.0133406 0.0222039
13 0.69883 0.610746 0.0266813 0.0208333
13 0.604624 0.896656 0.00858918 0.0142544
10 0.261787 0.626508 0.00895468 0.020011
11 0.562135 0.67818 0.0171784 0.026864
11 0.604989 0.896656 0.00858918 0.0142544
11 0.46409 0.798246 0.0202851 0.026864
13 0.268366 0.412966 0.0166301 0.0211075
11 0.492142 0.801672 0.0336257 0.0550987
13 0.47542 0.32415 0.0250365 0.0457785
11 0.605537 0.707374 0.03125 0.044682
11 0.319536 0.82278 0.0129751 0.0211075
11 0.615223 0.78824 0.0188231 0.0233004
11 0.5625 0.729715 0.0149854 0.0186404
11 0.546875 0.646519 0.0180921 0.0386513
10 0.474598 0.391859 0.0131579 0.0117873
10 0.696089 0.411184 0.0131579 0.0235746
11 0.801535 0.937774 0.0266813 0.0339912
11 0.62299 0.754797 0.0281433 0.0304276
11 0.244792 0.858553 0.0250365 0.026864
11 0.274031 0.913103 0.029788 0.0339912
11 0.426535 0.87966 0.0116959 0.0235746
10 0.16091 0.370203 0.00895468 0.0139803
11 0.169317 0.930099 0.0239401 0.0307018
11 0.407803 0.662966 0.0195541 0.0282346
11 0.177814 0.566612 0.0332602 0.0460526
11 0.545779 0.808114 0.0202851 0.0257675
11 0.41292 0.815789 0.0188231 0.026864
11 0.47076 0.871436 0.0179094 0.0246711
11 0.448008 0.498218 0.0429459 0.0556469
9 0.939053 0.326206 0.121893 0.16886
