11 0.349415 0.817023 0.0113304 0.0222039
11 0.378929 0.900768 0.0407529 0.0844298
13 0.377924 0.902549 0.0365497 0.0890899
11 0.709704 0.474507 0.0140716 0.0158991
13 0.44216 0.610746 0.031981 0.0619518
11 0.776499 0.876234 0.0171784 0.020011
11 0.598045 0.747259 0.029788 0.0339912
11 0.396564 0.812911 0.0146199 0.0189145
11 0.8125 0.760691 0.0204678 0.0339912
11 0.591374 0.951754 0.0274123 0.0257675
11 0.571089 0.702166 0.0149854 0.0304276
11 0.335161 0.640625 0.0211988 0.026864
11 0.551535 0.76727 0.0562866 0.0586623
11 0.655428 0.864446 0.0210161 0.0271382
11 0.44417 0.770696 0.0243056 0.0364583
11 0.509777 0.794134 0.0202851 0.026864
13 0.530519 0.562637 0.0953947 0.153783
13 0.404057 0.524671 0.123173 0.154605
