13 0.433205 0.527549 0.0422149 0.0391996
11 0.433571 0.527275 0.0422149 0.0402961
11 0.566429 0.876782 0.0148026 0.0304276
13 0.566795 0.876782 0.0148026 0.0304276
13 0.356908 0.518229 0.0175439 0.0282346
13 0.268914 0.624315 0.0188231 0.0550987
13 0.440607 0.9179 0.0350877 0.0386513
13 0.495614 0.428591 0.0625 0.0655154
11 0.356999 0.517818 0.0188231 0.0279605
9 0.430738 0.832237 0.0727339 0.124452
10 0.487482 0.613076 0.0126096 0.0139803
11 0.716374 0.898438 0.0157164 0.0233004
10 0.26928 0.623629 0.0202851 0.0608553
11 0.675347 0.938185 0.03125 0.0293311
9 0.579313 0.498218 0.061038 0.131853
10 0.485106 0.363076 0.0257675 0.0298794
13 0.312683 0.476837 0.0350877 0.0715461
13 0.431195 0.83347 0.0729167 0.125274
13 0.579678 0.496162 0.060307 0.13432
10 0.187957 0.59841 0.0129751 0.0153509
10 0.0982273 0.23739 0.0217471 0.0548246
10 0.280428 0.392133 0.00932018 0.0205592
13 0.173885 0.790022 0.03125 0.0690789
9 0.330866 0.628975 0.0948465 0.0879934
