11 0.253746 0.726288 0.0129751 0.0304276
13 0.441429 0.847999 0.0100512 0.020011
13 0.284539 0.791804 0.0113304 0.0161732
10 0.203308 0.416804 0.0652412 0.0386513
10 0.375 0.784128 0.0131579 0.0233004
13 0.830409 0.979852 0.0109649 0.0189145
10 0.368512 0.702714 0.0195541 0.0233004
13 0.470303 0.988076 0.00932018 0.0189145
13 0.43284 0.800027 0.0155336 0.0315241
10 0.253746 0.725603 0.0129751 0.0317982
11 0.147478 0.427906 0.0127924 0.0285088
10 0.56515 0.668723 0.0140716 0.0375548
13 0.514529 0.96642 0.0140716 0.0326206
11 0.368147 0.702714 0.0195541 0.0233004
11 0.20349 0.418037 0.0699927 0.0422149
13 0.405885 0.860883 0.00694444 0.0128838
13 0.950018 0.756579 0.0202851 0.0164474
13 0.253564 0.725603 0.0129751 0.029057
13 0.389437 0.949973 0.0113304 0.0233004
10 0.687135 0.993695 0.0116959 0.0126096
13 0.147844 0.428865 0.0120614 0.0287829
11 0.511696 0.937089 0.0157164 0.0304276
13 0.36833 0.885554 0.0133406 0.0315241
11 0.231999 0.703262 0.0137061 0.020011
11 0.38962 0.949424 0.0113304 0.0233004
13 0.354258 0.953536 0.0184576 0.0233004
13 0.308845 0.782346 0.0690789 0.09375
13 0.0534539 0.646382 0.026133 0.0257675
11 0.0496162 0.800027 0.0166301 0.0326206
11 0.881213 0.937637 0.0219298 0.020011
10 0.60901 0.809896 0.0126096 0.0128838
11 0.0537281 0.646382 0.0259503 0.0257675
11 0.789017 0.910225 0.0148026 0.0364583
9 0.309211 0.783032 0.068348 0.0951206
13 0.420322 0.672286 0.0796784 0.123081
11 0.354532 0.952988 0.0175439 0.0233004
10 0.221857 0.646519 0.0120614 0.0117873
10 0.509777 0.651179 0.00858918 0.0150768
13 0.280885 0.588405 0.0559211 0.121985
11 0.282255 0.904879 0.0133406 0.0246711
11 0.642544 0.607319 0.0281433 0.0293311
11 0.279148 0.837582 0.0206506 0.0211075
9 0.456689 0.73369 0.0741959 0.0984101
11 0.251553 0.43051 0.026864 0.0375548
13 0.463633 0.823328 0.0296053 0.0726425
10 0.550804 0.527275 0.0116959 0.0293311
11 0.237939 0.906661 0.0226608 0.0233004
13 0.32182 0.697505 0.0332602 0.0666118
10 0.649945 0.810033 0.00932018 0.0257675
9 0.420687 0.669956 0.0796784 0.121711
10 0.0599415 0.908991 0.0190058 0.0433114
10 0.56049 0.148438 0.0219298 0.0583882
13 0.453947 0.903235 0.0336257 0.0679825
11 0.740223 0.897889 0.0188231 0.0326206
13 0.452394 0.562637 0.0882675 0.113761
10 0.570724 0.74438 0.0109649 0.0117873
11 0.543768 0.483964 0.0250365 0.0309759
13 0.495705 0.462445 0.0243056 0.0679825
10 0.669956 0.30085 0.0109649 0.0139803
9 0.405154 0.394326 0.0614035 0.123629
10 0.481177 0.60307 0.0281433 0.0235746
13 0.447277 0.45847 0.0586623 0.108279
13 0.818805 0.640077 0.11568 0.152412
13 0.60508 0.907895 0.0983187 0.111294
13 0.456689 0.73506 0.0734649 0.0984101
9 0.50667 0.292763 0.0882675 0.129386
