10 0.440241 0.450795 0.0131579 0.0348136
13 0.179094 0.849781 0.0102339 0.0115132
10 0.66091 0.557703 0.00858918 0.0101425
13 0.361477 0.715598 0.0164474 0.0315241
13 0.752741 0.42119 0.0109649 0.013432
11 0.361111 0.716146 0.0160819 0.0304276
10 0.752376 0.42119 0.0116959 0.0139803
10 0.860928 0.462171 0.0124269 0.0180921
13 0.86102 0.462171 0.0140716 0.0186404
11 0.806195 0.910636 0.0140716 0.0175439
11 0.978893 0.768366 0.0140716 0.0350877
13 0.76133 0.564693 0.0149854 0.0164474
11 0.578947 0.495066 0.0116959 0.0235746
13 0.716009 0.188596 0.0343567 0.0597588
13 0.592197 0.555921 0.0140716 0.0246711
11 0.447643 0.978207 0.0148026 0.0139803
10 0.416393 0.785362 0.0100512 0.0175439
11 0.0301535 0.537692 0.0149854 0.0293311
11 0.612482 0.955866 0.0133406 0.0257675
13 0.261879 0.600192 0.0325292 0.0479715
11 0.350969 0.668174 0.0188231 0.0375548
10 0.517178 0.66886 0.0157164 0.0257675
10 0.45276 0.681058 0.0126096 0.0106908
13 0.644554 0.731497 0.0358187 0.073739
11 0.825018 0.873766 0.0217471 0.0282346
13 0.481268 0.440515 0.0868056 0.14693
10 0.716374 0.186952 0.0358187 0.0592105
11 0.549159 0.707511 0.0164474 0.0246711
10 0.329313 0.464501 0.0332602 0.0463268
11 0.63633 0.96409 0.0211988 0.0279605
10 0.260599 0.905428 0.0102339 0.0186404
10 0.4375 0.843339 0.0131579 0.0117873
10 0.514072 0.619518 0.00767544 0.0164474
13 0.279879 0.549479 0.0392909 0.0578399
9 0.481268 0.438459 0.0875366 0.147752
3 0.393275 0.461075 0.0851608 0.0877193
13 0.383772 0.610334 0.0826023 0.130757
