13 0.261056 0.57415 0.0144371 0.015625
11 0.60042 0.867873 0.0257675 0.0422149
10 0.608279 0.856908 0.0140716 0.0411184
10 0.343476 0.709841 0.00822368 0.0128838
13 0.460618 0.730263 0.00858918 0.0104167
11 0.492599 0.58909 0.0133406 0.0153509
13 0.611751 0.3983 0.0264985 0.0433114
11 0.585892 0.472451 0.0164474 0.0233004
10 0.710161 0.761239 0.0157164 0.0328947
11 0.260874 0.574287 0.0144371 0.0153509
11 0.610563 0.398575 0.0281433 0.0416667
13 0.814876 0.405154 0.0124269 0.0164474
13 0.450018 0.440789 0.0133406 0.0169956
13 0.291393 0.68051 0.027595 0.0550987
11 0.571089 0.525082 0.0467836 0.0463268
13 0.142727 0.657621 0.0219298 0.0208333
10 0.814876 0.404879 0.0124269 0.0164474
11 0.499543 0.582511 0.0195541 0.0235746
11 0.450018 0.440789 0.0126096 0.0158991
11 0.395194 0.839227 0.0111477 0.0128838
11 0.608187 0.856771 0.0157164 0.0386513
13 0.275585 0.724507 0.0182749 0.0339912
13 0.570724 0.525493 0.0460526 0.0460526
11 0.540205 0.499178 0.0116959 0.0148026
13 0.416393 0.705592 0.0133406 0.0186404
13 0.173702 0.754934 0.0151681 0.0186404
11 0.376645 0.519326 0.0475146 0.0413925
10 0.459704 0.72903 0.00858918 0.0117873
11 0.416393 0.705592 0.0133406 0.0186404
13 0.354349 0.768366 0.0343567 0.0307018
11 0.595303 0.462993 0.0195541 0.0246711
10 0.723501 0.739035 0.0336257 0.0433114
13 0.509686 0.460526 0.0171784 0.0246711
11 0.177449 0.712034 0.0179094 0.0293311
13 0.471491 0.849781 0.0438596 0.0504386
10 0.354715 0.7696 0.0325292 0.0304276
13 0.579678 0.394737 0.0241228 0.0597588
11 0.503107 0.577303 0.0164474 0.0213816
11 0.430921 0.610746 0.0164474 0.0235746
11 0.576937 0.877878 0.0211988 0.0304276
10 0.237299 0.78125 0.0118787 0.0115132
11 0.291849 0.679413 0.0277778 0.0550987
11 0.561769 0.815789 0.0116959 0.0197368
11 0.386148 0.866228 0.0171784 0.0235746
11 0.796327 0.719709 0.026133 0.0271382
11 0.554368 0.772478 0.0140716 0.0372807
11 0.325932 0.591009 0.0323465 0.0652412
11 0.458242 0.611842 0.0367325 0.0515351
10 0.39099 0.579084 0.0140716 0.0233004
11 0.114675 0.926535 0.0228436 0.026864
11 0.470669 0.850329 0.0422149 0.0444079
13 0.45349 0.519052 0.0272295 0.0715461
11 0.234923 0.63295 0.0151681 0.0235746
10 0.328947 0.323602 0.0405702 0.0457785
11 0.41292 0.92489 0.0210161 0.0339912
11 0.501096 0.936541 0.0171784 0.0293311
10 0.3464 0.0533169 0.03125 0.044682
11 0.235289 0.944079 0.0202851 0.0246711
11 0.443439 0.772341 0.03125 0.0386513
11 0.651955 0.7929 0.0224781 0.0315241
11 0.517178 0.888569 0.0493421 0.0808662
9 0.347314 0.176124 0.169408 0.17352
9 0.678911 0.635828 0.107091 0.195998
