10 0.551626 0.6483 0.0140716 0.0339912
10 0.416758 0.886787 0.029788 0.0411184
13 0.170048 0.725603 0.0191886 0.0197368
13 0.435947 0.688734 0.0264985 0.0550987
11 0.435124 0.688048 0.0266813 0.0537281
11 0.551626 0.6483 0.0148026 0.0339912
13 0.779514 0.337171 0.0520833 0.135965
10 0.757493 0.910773 0.0171784 0.020011
10 0.479715 0.739583 0.0109649 0.0153509
10 0.493787 0.741365 0.0157164 0.0139803
9 0.780702 0.337719 0.0559211 0.143092
10 0.169956 0.725603 0.0190058 0.0197368
11 0.353527 0.801124 0.0107822 0.0139803
11 0.425347 0.753838 0.0250365 0.0339912
13 0.757493 0.910225 0.0164474 0.020011
13 0.261787 0.424342 0.0148026 0.0257675
10 0.435216 0.68983 0.0257675 0.0561952
11 0.291393 0.647067 0.0155336 0.0293311
13 0.416484 0.886102 0.0281433 0.0408443
13 0.456232 0.615406 0.0367325 0.0575658
11 0.414839 0.585526 0.0211988 0.026864
10 0.610928 0.522889 0.0109649 0.0227522
11 0.237116 0.765899 0.0378289 0.0515351
13 0.526499 0.0697643 0.0562866 0.139529
11 0.341009 0.768366 0.0120614 0.0186404
13 0.579678 0.722725 0.0398392 0.0633224
13 0.216831 0.932429 0.0137061 0.0233004
2 0.781798 0.339501 0.056652 0.13898
11 0.58443 0.669408 0.0226608 0.0246711
13 0.469938 0.545367 0.0469664 0.0496162
13 0.361111 0.387884 0.0515351 0.0509868
13 0.275768 0.119243 0.0160819 0.0230263
11 0.248904 0.891447 0.0171784 0.0235746
11 0.203308 0.779605 0.0330775 0.0339912
11 0.318622 0.917763 0.0148026 0.0164474
11 0.400859 0.723273 0.0506213 0.0715461
11 0.248264 0.78824 0.0367325 0.0397478
10 0.738304 0.538377 0.0171784 0.0164474
10 0.641813 0.397752 0.0358187 0.0378289
10 0.0919225 0.0971765 0.0270468 0.0320724
11 0.373812 0.63761 0.0367325 0.0515351
9 0.481999 0.872122 0.132127 0.226151
13 0.391996 0.323191 0.0979532 0.128838
9 0.574561 0.903646 0.0749269 0.166393
