11 0.518001 0.516721 0.0100512 0.0224781
13 0.518366 0.51727 0.0100512 0.0230263
13 0.189876 0.97108 0.00986842 0.0128838
10 0.573465 0.580455 0.0233918 0.0348136
13 0.573008 0.580181 0.0243056 0.0342654
10 0.189693 0.971628 0.00950292 0.0128838
13 0.234192 0.555373 0.0352705 0.0685307
11 0.342928 0.896107 0.0129751 0.0197368
10 0.3983 0.689282 0.0221126 0.0364583
11 0.324196 0.87966 0.0157164 0.0235746
10 0.330592 0.130757 0.0175439 0.0427632
10 0.618421 0.600192 0.0109649 0.0211075
10 0.146382 0.697368 0.0149854 0.0175439
10 0.610197 0.751371 0.0116959 0.0164474
