11 0.0514437 0.718065 0.034174 0.0386513
13 0.407072 0.795916 0.00785819 0.0161732
13 0.448465 0.695724 0.0226608 0.0762061
11 0.449196 0.695587 0.0226608 0.0726425
10 0.407072 0.795916 0.00785819 0.0150768
10 0.44883 0.696957 0.0226608 0.073739
11 0.626919 0.766584 0.00785819 0.0117873
13 0.160545 0.858004 0.0264985 0.0422149
13 0.530428 0.701069 0.032712 0.073739
10 0.160727 0.858553 0.0250365 0.0411184
13 0.0517178 0.717928 0.0332602 0.0350877
11 0.524214 0.9142 0.00932018 0.0164474
10 0.771473 0.791255 0.029057 0.0293311
10 0.645651 0.68517 0.0109649 0.0128838
13 0.78591 0.714501 0.03125 0.0655154
10 0.530885 0.700384 0.0328947 0.0690789
10 0.496802 0.522889 0.00858918 0.0222039
13 0.282072 0.614857 0.0374634 0.0328947
11 0.648483 0.802906 0.0243056 0.0411184
11 0.498081 0.797697 0.0148026 0.0142544
3 0.508224 0.419408 0.0899123 0.144737
11 0.428911 0.875685 0.0157164 0.0222039
11 0.56049 0.917215 0.0109649 0.0246711
11 0.461714 0.914337 0.0140716 0.0222039
11 0.271656 0.73136 0.0133406 0.0246711
10 0.487847 0.598547 0.030519 0.049068
11 0.473501 0.826343 0.0164474 0.0211075
13 0.768823 0.474507 0.0515351 0.0652412
10 0.284357 0.436541 0.0296053 0.0298794
11 0.557474 0.807566 0.0195541 0.0328947
9 0.639894 0.545367 0.0875366 0.182292
9 0.160727 0.293174 0.0926535 0.0836075
