13 0.405062 0.950658 0.00858918 0.0164474
9 0.18019 0.322368 0.0851608 0.127193
13 0.279879 0.814556 0.0140716 0.0139803
11 0.239492 0.633087 0.0301535 0.0457785
13 0.556287 0.855674 0.00694444 0.0106908
13 0.508224 0.548657 0.063962 0.108827
10 0.227705 0.587993 0.0109649 0.0175439
13 0.619152 0.735609 0.0211988 0.0622259
10 0.482822 0.722588 0.0164474 0.0175439
13 0.288651 0.535362 0.0257675 0.0498904
9 0.317617 0.468065 0.0354532 0.0962171
13 0.303363 0.654057 0.0219298 0.026864
2 0.659357 0.705729 0.0241228 0.073739
13 0.223867 0.562774 0.0281433 0.0487939
13 0.260874 0.851562 0.00858918 0.0106908
13 0.317982 0.468887 0.0321637 0.0973136
10 0.622624 0.456277 0.0124269 0.0123355
13 0.239766 0.631168 0.0281433 0.0457785
11 0.503564 0.855674 0.00858918 0.0128838
13 0.483187 0.723136 0.0164474 0.0175439
13 0.180647 0.322094 0.0835161 0.123355
11 0.230903 0.821135 0.00968567 0.0189145
10 0.187043 0.546601 0.0173611 0.0427632
10 0.619152 0.736157 0.0204678 0.0561952
13 0.836714 0.215186 0.0451389 0.060307
10 0.141539 0.980537 0.0100512 0.0164474
11 0.22542 0.68284 0.0191886 0.0175439
11 0.721126 0.712171 0.0171784 0.0328947
13 0.386879 0.239857 0.0310673 0.0663377
13 0.0996893 0.635417 0.0122442 0.0175439
11 0.249178 0.719161 0.0140716 0.0222039
13 0.247898 0.914885 0.0133406 0.0117873
10 0.517909 0.763158 0.0164474 0.0153509
10 0.156707 0.380071 0.0104167 0.0128838
13 0.658991 0.706826 0.0248538 0.073739
10 0.155885 0.77892 0.00767544 0.0106908
10 0.492964 0.460526 0.0202851 0.0246711
10 0.355903 0.54619 0.00822368 0.0117873
11 0.66557 0.839775 0.0233918 0.0211075
13 0.187591 0.544819 0.0188231 0.0435855
10 0.334704 0.645285 0.0137061 0.0235746
2 0.317982 0.468887 0.0358187 0.0973136
10 0.275768 0.706826 0.00986842 0.0139803
13 0.296053 0.787144 0.0292398 0.0633224
10 0.370705 0.712719 0.0104167 0.0164474
10 0.288286 0.537007 0.0243056 0.0515351
10 0.174068 0.684622 0.0221126 0.0315241
11 0.117416 0.947643 0.0155336 0.0175439
10 0.512884 0.767133 0.0180921 0.0139803
10 0.310764 0.722588 0.0104167 0.0186404
10 0.539108 0.815789 0.0109649 0.0104167
10 0.460526 0.710252 0.0102339 0.0175439
10 0.274214 0.398438 0.0129751 0.0117873
10 0.256488 0.375822 0.0195541 0.0274123
10 0.266356 0.341694 0.0144371 0.0304276
10 0.664474 0.485883 0.0102339 0.0117873
10 0.22341 0.563596 0.0272295 0.0520833
9 0.508589 0.546327 0.061038 0.109101
10 0.598045 0.713405 0.00712719 0.0211075
10 0.369518 0.57415 0.00950292 0.0238487
11 0.539017 0.922971 0.0148026 0.0246711
10 0.516082 0.715735 0.0109649 0.0257675
10 0.463724 0.533032 0.00858918 0.0211075
10 0.116868 0.487527 0.0487939 0.0298794
13 0.473045 0.580181 0.0586623 0.0704496
10 0.665296 0.640625 0.0422149 0.0328947
10 0.75667 0.611294 0.0188231 0.0186404
10 0.216192 0.514117 0.0394737 0.0320724
10 0.419956 0.53125 0.0179094 0.0433114
13 0.297515 0.605537 0.0800439 0.0833333
10 0.466831 0.483279 0.0202851 0.0339912
10 0.403509 0.391721 0.0171784 0.0509868
13 0.123995 0.883224 0.0612208 0.0822368
9 0.567526 0.431195 0.093019 0.120066
9 0.265168 0.133498 0.141813 0.261513
