10 0.483187 0.507264 0.0116959 0.0194627
10 0.478893 0.4804 0.0107822 0.0150768
13 0.0985928 0.952988 0.0418494 0.0457785
13 0.36367 0.77426 0.0113304 0.0189145
2 0.0985015 0.953536 0.0413012 0.046875
13 0.402321 0.711486 0.0100512 0.0128838
11 0.0984101 0.952303 0.0414839 0.0444079
13 0.296327 0.895559 0.0188231 0.0493421
11 0.26133 0.59608 0.0120614 0.0161732
11 0.605811 0.619518 0.0116959 0.0257675
10 0.703947 0.00397478 0.0102339 0.00794956
13 0.658626 0.675164 0.0124269 0.0142544
10 0.267909 0.911321 0.00621345 0.0117873
10 0.36367 0.774123 0.0109649 0.0175439
13 0.478893 0.676946 0.029788 0.0529057
10 0.268732 0.543997 0.035636 0.0320724
13 0.460161 0.712171 0.0171784 0.0246711
11 0.596857 0.989309 0.0102339 0.0153509
11 0.320358 0.795916 0.0285088 0.0583882
10 0.424616 0.784128 0.0063962 0.0106908
13 0.426992 0.848547 0.0133406 0.0211075
13 0.340826 0.476837 0.0233918 0.0413925
13 0.321455 0.796601 0.0285088 0.0597588
10 0.414931 0.44778 0.0381944 0.0315241
13 0.280336 0.433799 0.0120614 0.0276864
10 0.340095 0.477385 0.0230263 0.0381031
2 0.623447 0.762473 0.0429459 0.120888
9 0.623447 0.761924 0.0444079 0.120888
10 0.402595 0.712582 0.00950292 0.0128838
10 0.44216 0.439419 0.0210161 0.0186404
10 0.942251 0.49438 0.00621345 0.0145285
10 0.478893 0.677495 0.029057 0.0540022
10 0.45943 0.525493 0.0116959 0.0120614
11 0.242599 0.661732 0.0137061 0.0224781
10 0.31314 0.40858 0.0133406 0.015625
10 0.428454 0.740817 0.00932018 0.0139803
10 0.274031 0.502056 0.00858918 0.0249452
10 0.846857 0.753701 0.0124269 0.0117873
10 0.296692 0.896107 0.0199196 0.0526316
10 0.37034 0.418586 0.0180921 0.0339912
11 0.607822 0.95477 0.0157164 0.0186404
10 0.437865 0.418311 0.0157164 0.0148026
10 0.0643275 0.497944 0.0109649 0.0101425
10 0.0136148 0.78824 0.0191886 0.0150768
10 0.17489 0.751919 0.0131579 0.0104167
10 0.310947 0.621848 0.00785819 0.0117873
10 0.170779 0.645833 0.0126096 0.0104167
10 0.699653 0.357045 0.0133406 0.0106908
10 0.46208 0.893777 0.00932018 0.0189145
10 0.659357 0.747259 0.0124269 0.0197368
10 0.268549 0.624726 0.00712719 0.0164474
10 0.512884 0.751371 0.0107822 0.0115132
10 0.525859 0.656524 0.00858918 0.0153509
10 0.258772 0.699836 0.00950292 0.0175439
10 0.258224 0.7304 0.00986842 0.0128838
10 0.670322 0.767681 0.00950292 0.0139803
10 0.421053 0.59608 0.0109649 0.0139803
10 0.518366 0.713816 0.0126096 0.0104167
10 0.414474 0.677495 0.00694444 0.0150768
10 0.309576 0.709156 0.00767544 0.0197368
10 0.5625 0.39131 0.0116959 0.011239
10 0.590643 0.876645 0.00950292 0.0175439
10 0.373995 0.9142 0.0100512 0.0186404
10 0.18284 0.519874 0.00749269 0.0139803
10 0.190241 0.0511239 0.00950292 0.0233004
10 0.335344 0.662966 0.0149854 0.0128838
10 0.214821 0.583196 0.0199196 0.0139803
10 0.804733 0.352248 0.00785819 0.0158991
10 0.699653 0.629386 0.00712719 0.0164474
10 0.168037 0.802906 0.0137061 0.0115132
