13 0.442526 0.989857 0.00785819 0.0104167
13 0.422423 0.386239 0.0685307 0.0762061
10 0.424251 0.911321 0.00858918 0.0161732
13 0.337537 0.948191 0.00621345 0.00932018
11 0.314967 0.839364 0.0137061 0.0175439
13 0.962445 0.652412 0.00932018 0.0164474
13 0.274397 0.760143 0.027595 0.0246711
10 0.0749269 0.773026 0.0146199 0.0153509
10 0.244335 0.69449 0.0109649 0.0106908
13 0.213359 0.992188 0.00822368 0.0128838
13 0.274031 0.962856 0.00932018 0.0117873
13 0.29724 0.643229 0.103253 0.153235
13 0.253929 0.805373 0.0129751 0.0175439
13 0.238487 0.833333 0.0102339 0.0153509
13 0.314602 0.839364 0.0133406 0.0164474
13 0.42617 0.933525 0.00950292 0.0117873
10 0.426535 0.933525 0.00950292 0.0117873
13 0.939145 0.834019 0.0171784 0.0233004
10 0.353893 0.864446 0.0202851 0.0271382
10 0.308936 0.79756 0.0133406 0.0128838
13 0.278509 0.927769 0.00913743 0.0128838
11 0.253929 0.805921 0.0129751 0.0175439
10 0.369335 0.962993 0.0266813 0.0515351
13 0.368969 0.962993 0.0266813 0.0504386
10 0.238304 0.833333 0.0105994 0.0153509
13 0.35371 0.864583 0.0213816 0.0257675
13 0.0347222 0.863898 0.0105994 0.0150768
10 0.278509 0.927769 0.00913743 0.0128838
10 0.320724 0.756031 0.0120614 0.0153509
11 0.273849 0.760143 0.0301535 0.0257675
2 0.423428 0.388158 0.0679825 0.0778509
10 0.469207 0.552769 0.0148026 0.0216557
10 0.423885 0.904879 0.00785819 0.0164474
10 0.450749 0.49534 0.00785819 0.0104167
10 0.351334 0.443942 0.0100512 0.0117873
10 0.524214 0.850329 0.00712719 0.0164474
10 0.575018 0.992188 0.0162646 0.0128838
11 0.634777 0.932429 0.00932018 0.020011
10 0.107091 0.952851 0.00767544 0.0164474
13 0.533169 0.899671 0.0133406 0.026864
10 0.549616 0.697505 0.0133406 0.0128838
10 0.562865 0.540433 0.0131579 0.011239
10 0.434302 0.222999 0.0195541 0.0172697
10 0.741776 0.445998 0.0281433 0.0504386
10 0.490588 0.78125 0.0100512 0.0104167
10 0.718385 0.736705 0.00694444 0.0128838
11 0.713268 0.880894 0.0171784 0.0150768
10 0.599963 0.544819 0.0109649 0.011239
10 0.440972 0.814693 0.0102339 0.0104167
10 0.502741 0.638843 0.0164474 0.0117873
10 0.646016 0.117462 0.0116959 0.0101425
10 0.169408 0.0663377 0.0109649 0.0115132
10 0.0660636 0.757812 0.03125 0.0315241
10 0.574196 0.425027 0.00694444 0.0150768
10 0.982822 0.257401 0.00950292 0.0115132
10 0.574196 0.510554 0.0109649 0.0139803
11 0.553088 0.759046 0.0250365 0.0411184
10 0.758224 0.59608 0.00767544 0.0139803
10 0.409357 0.709156 0.0116959 0.0104167
10 0.412829 0.205592 0.0116959 0.0142544
10 0.70276 0.349918 0.0217471 0.0644189
10 0.56049 0.5821 0.0109649 0.020011
11 0.52458 0.672971 0.0476974 0.0515351
10 0.338268 0.473273 0.0171784 0.0145285
10 0.746071 0.300164 0.00785819 0.0164474
10 0.606999 0.445587 0.0133406 0.0227522
10 0.0691703 0.375 0.0133406 0.0427632
10 0.14629 0.659402 0.00895468 0.0150768
10 0.597314 0.398986 0.0360015 0.0375548
13 0.354075 0.788788 0.0604898 0.0879934
13 0.3125 0.67818 0.0953947 0.0948465
13 0.276224 0.579633 0.0882675 0.139529
