10 0.452303 0.551261 0.0124269 0.0169956
13 0.450749 0.88665 0.0155336 0.0211075
11 0.56716 0.713953 0.0210161 0.020011
13 0.589455 0.613624 0.0118787 0.0117873
11 0.546418 0.845669 0.0109649 0.0104167
13 0.4375 0.574836 0.0266813 0.0564693
10 0.482365 0.869106 0.00932018 0.0106908
11 0.451206 0.886102 0.0157164 0.0222039
10 0.470669 0.906524 0.00712719 0.0175439
13 0.309759 0.929002 0.00950292 0.0175439
10 0.310216 0.928865 0.00932018 0.0189145
13 0.482365 0.869792 0.00932018 0.0104167
13 0.365863 0.498355 0.0105994 0.0169956
10 0.438231 0.576206 0.0288743 0.0586623
13 0.460526 0.638295 0.0164474 0.0501645
10 0.299251 0.780702 0.0100512 0.0104167
10 0.460526 0.637747 0.0164474 0.046875
10 0.706689 0.717379 0.0102339 0.0197368
13 0.484375 0.547149 0.0133406 0.0279605
10 0.179825 0.583745 0.0116959 0.0117873
10 0.614401 0.641721 0.0109649 0.00822368
10 0.456232 0.0252193 0.00932018 0.0104167
11 0.54651 0.801809 0.0360015 0.0339912
10 0.424251 0.733827 0.00785819 0.0104167
13 0.262701 0.824698 0.0122442 0.0139803
11 0.543311 0.910773 0.0109649 0.0222039
10 0.456689 0.550302 0.0102339 0.0128838
10 0.703125 0.768366 0.0148026 0.0115132
11 0.273392 0.426398 0.0179094 0.0391996
10 0.134229 0.452303 0.0133406 0.0153509
10 0.304825 0.421738 0.0120614 0.011239
10 0.546418 0.845121 0.0109649 0.0115132
10 0.457054 0.723136 0.00621345 0.0164474
10 0.393732 0.573739 0.00822368 0.0131579
10 0.625457 0.563459 0.00858918 0.0128838
10 0.34375 0.347314 0.00877193 0.0186404
10 0.499635 0.788925 0.00694444 0.0186404
10 0.803911 0.11938 0.0296053 0.0233004
10 0.316064 0.617188 0.0188231 0.0337171
10 0.629295 0.857456 0.0107822 0.0104167
10 0.40625 0.795916 0.00767544 0.0189145
10 0.470303 0.50233 0.00932018 0.011239
10 0.36504 0.740269 0.0063962 0.0189145
10 0.421418 0.527549 0.00621345 0.0150768
10 0.450749 0.698054 0.00858918 0.0128838
10 0.685581 0.0731908 0.0126096 0.0104167
10 0.285727 0.67585 0.0122442 0.0139803
10 0.545687 0.734923 0.00694444 0.0175439
11 0.708607 0.815241 0.0217471 0.0339912
10 0.59375 0.157895 0.00621345 0.0158991
10 0.296418 0.252193 0.0113304 0.0115132
10 0.216283 0.331003 0.0385599 0.0364583
9 0.359192 0.619655 0.0732822 0.0890899
