13 0.626919 0.606086 0.0195541 0.0186404
10 0.744152 0.861568 0.0274123 0.066886
2 0.192617 0.617462 0.0621345 0.0934759
13 0.414474 0.955181 0.0109649 0.0139803
10 0.39163 0.609512 0.0105994 0.0128838
13 0.406707 0.626508 0.0374634 0.0304276
10 0.34576 0.569353 0.0105994 0.00932018
13 0.553911 0.746162 0.0811404 0.0833333
13 0.315424 0.97574 0.0109649 0.0189145
13 0.59375 0.959978 0.0149854 0.0186404
10 0.533991 0.679962 0.0102339 0.0128838
10 0.592928 0.444079 0.00932018 0.0186404
10 0.56049 0.631853 0.0109649 0.0164474
11 0.626919 0.606086 0.0188231 0.0197368
13 0.598867 0.379797 0.0460526 0.0304276
13 0.593019 0.444353 0.0102339 0.0186404
11 0.744518 0.862664 0.0274123 0.0679825
10 0.0394737 0.887198 0.00877193 0.0128838
11 0.390168 0.886787 0.0116959 0.0153509
11 0.414474 0.955866 0.0109649 0.0142544
13 0.439419 0.420916 0.0195541 0.0205592
10 0.391356 0.421738 0.00895468 0.0101425
11 0.236294 0.786595 0.0157164 0.020011
11 0.282438 0.560033 0.0133406 0.0191886
10 0.373264 0.592516 0.0100512 0.0222039
10 0.429642 0.68051 0.0102339 0.0117873
10 0.48474 0.656935 0.00932018 0.0117873
11 0.362299 0.54989 0.0250365 0.0252193
13 0.193074 0.617873 0.0604898 0.0926535
10 0.393001 0.516447 0.00895468 0.0148026
10 0.54258 0.631853 0.0149854 0.0164474
10 0.530428 0.802906 0.00858918 0.0142544
10 0.326023 0.647615 0.0109649 0.0106908
10 0.381031 0.719161 0.0127924 0.0128838
10 0.487116 0.768914 0.00932018 0.0115132
10 0.53125 0.860883 0.00950292 0.0117873
10 0.816338 0.691612 0.0109649 0.0142544
11 0.672697 0.911321 0.0124269 0.0243969
10 0.345486 0.735609 0.00932018 0.0117873
10 0.138798 0.331277 0.0111477 0.0101425
10 0.667215 0.402686 0.00621345 0.0153509
10 0.487939 0.631305 0.0109649 0.0104167
10 0.260599 0.300439 0.0113304 0.0104167
10 0.120888 0.134457 0.00858918 0.0145285
10 0.512061 0.57045 0.0109649 0.0115132
10 0.711714 0.457511 0.0140716 0.0115132
11 0.114949 0.909539 0.0208333 0.026864
11 0.370705 0.760691 0.0140716 0.0257675
10 0.222405 0.353207 0.00621345 0.0150768
10 0.903874 0.59608 0.0109649 0.0139803
10 0.275037 0.432018 0.0127924 0.0109649
11 0.483187 0.699287 0.0164474 0.0257675
10 0.133589 0.500959 0.0105994 0.0123355
10 0.501919 0.307155 0.0100512 0.0117873
10 0.648849 0.365543 0.00712719 0.0150768
10 0.227339 0.379386 0.00621345 0.0158991
11 0.172332 0.443531 0.0182749 0.035636
9 0.553911 0.745477 0.0851608 0.0819627
10 0.292763 0.312226 0.0248538 0.058114
10 0.562865 0.280428 0.0109649 0.0148026
13 0.528509 0.925987 0.122807 0.109101
