13 0.149488 0.60074 0.0244883 0.0222039
11 0.149762 0.600192 0.0246711 0.0222039
13 0.379295 0.930099 0.0133406 0.0224781
13 0.0330775 0.834567 0.0146199 0.0243969
11 0.379112 0.930099 0.0133406 0.0224781
11 0.295504 0.678728 0.0204678 0.0246711
13 0.338816 0.537829 0.0288743 0.0745614
11 0.615588 0.726837 0.0195541 0.0282346
10 0.338999 0.536321 0.0285088 0.073739
11 0.635143 0.686815 0.0476974 0.0726425
11 0.161915 0.688048 0.0299708 0.0350877
11 0.612116 0.824561 0.0155336 0.0339912
11 0.566795 0.714501 0.0634137 0.0984101
9 0.458607 0.46642 0.0882675 0.140625
