13 0.315424 0.798246 0.0168129 0.0208333
13 0.193805 0.439008 0.0115132 0.0233004
13 0.0209247 0.715598 0.0148026 0.0233004
10 0.0210161 0.715598 0.0142544 0.0222039
10 0.87966 0.490543 0.0126096 0.0139803
10 0.315424 0.798246 0.0160819 0.0197368
13 0.87966 0.490269 0.0126096 0.0145285
11 0.193896 0.439693 0.0113304 0.0241228
11 0.488213 0.746025 0.0140716 0.0282346
11 0.153326 0.433251 0.0197368 0.0315241
11 0.135325 0.934211 0.0144371 0.0164474
13 0.591374 0.597725 0.0467836 0.0496162
11 0.114583 0.692297 0.0175439 0.0293311
11 0.34174 0.672286 0.0285088 0.0304276
11 0.185216 0.534539 0.0228436 0.0328947
11 0.486385 0.700384 0.0586623 0.0866228
11 0.433571 0.866228 0.0210161 0.0361842
11 0.169682 0.665707 0.0169956 0.0293311
11 0.500457 0.599507 0.0765716 0.091557
11 0.191064 0.834567 0.0210161 0.0364583
11 0.77659 0.810581 0.0250365 0.0317982
11 0.565698 0.33676 0.0195541 0.0304276
