10 0.686404 0.543997 0.0116959 0.0145285
13 0.773483 0.664611 0.0155336 0.0271382
13 0.315424 0.902001 0.0493421 0.0375548
11 0.67224 0.393366 0.0155336 0.0400219
13 0.410545 0.742599 0.0217471 0.0279605
10 0.773483 0.664062 0.0148026 0.0271382
11 0.291393 0.512884 0.0239401 0.0246711
11 0.200384 0.770696 0.0137061 0.0222039
11 0.397752 0.652412 0.0148026 0.026864
11 0.245888 0.522341 0.0239401 0.0397478
10 0.354532 0.590186 0.0168129 0.0164474
11 0.289656 0.778372 0.0175439 0.0282346
11 0.471857 0.947094 0.0219298 0.0339912
11 0.470669 0.60074 0.0257675 0.0315241
11 0.221674 0.581826 0.0252193 0.0320724
11 0.56917 0.56716 0.0601243 0.103618
