11 0.0444079 0.795916 0.0153509 0.0243969
11 0.203582 0.845121 0.0168129 0.0246711
11 0.0478801 0.704496 0.0171784 0.0307018
11 0.00721857 0.693942 0.0144371 0.0353618
11 0.640625 0.649397 0.0173611 0.0361842
11 0.709795 0.673383 0.0296053 0.044682
10 0.677723 0.686952 0.031981 0.0279605
11 0.548428 0.857456 0.0171784 0.0279605
11 0.690241 0.603755 0.0131579 0.0271382
11 0.642178 0.836897 0.0149854 0.0246711
11 0.414108 0.464775 0.0274123 0.0402961
11 0.754295 0.246848 0.0250365 0.0408443
11 0.321912 0.548109 0.0656067 0.0770285
