13 0.0925621 0.598958 0.0188231 0.0235746
13 0.423885 0.520559 0.030519 0.0597588
11 0.335983 0.715598 0.0480629 0.0561952
10 0.156341 0.523849 0.0148026 0.0339912
11 0.412463 0.648849 0.0164474 0.0186404
11 0.397387 0.699836 0.0224781 0.0350877
13 0.156433 0.523163 0.0149854 0.0359101
11 0.0925621 0.598958 0.0188231 0.0246711
13 0.336531 0.715598 0.0469664 0.0572917
11 0.423885 0.520833 0.03125 0.0597588
13 0.66292 0.461075 0.0531798 0.0690789
13 0.0510782 0.787692 0.0572003 0.0655154
11 0.594938 0.546601 0.0250365 0.0350877
11 0.398483 0.715598 0.0224781 0.0397478
11 0.453125 0.904194 0.0210161 0.0375548
11 0.0587537 0.973958 0.0221126 0.0328947
11 0.416393 0.765488 0.0272295 0.0304276
11 0.464821 0.710389 0.0436769 0.0830592
11 0.51526 0.67352 0.0264985 0.0339912
11 0.493787 0.871985 0.0219298 0.026864
11 0.500457 0.974644 0.0202851 0.0315241
11 0.66758 0.845121 0.0219298 0.0350877
11 0.571912 0.793448 0.0243056 0.0304276
11 0.585526 0.749589 0.0288743 0.0326206
11 0.308571 0.466009 0.0634137 0.0789474
9 0.565972 0.232456 0.0749269 0.131579
