11 0.444901 0.392818 0.0257675 0.0257675
11 0.35572 0.807703 0.0195541 0.0375548
13 0.348227 0.497122 0.0133406 0.0194627
13 0.179185 0.473684 0.0444079 0.066886
10 0.444901 0.39364 0.0250365 0.0241228
13 0.726882 0.897341 0.0148026 0.0293311
11 0.416849 0.664748 0.0164474 0.0257675
11 0.443348 0.607319 0.0124269 0.0211075
11 0.451572 0.673383 0.0171784 0.0211075
11 0.716009 0.467516 0.0179094 0.0370066
11 0.334521 0.445998 0.0199196 0.0252193
11 0.266173 0.671601 0.0440424 0.0433114
11 0.445358 0.774808 0.0281433 0.0304276
11 0.361751 0.795367 0.0184576 0.0364583
11 0.47807 0.861568 0.0179094 0.0235746
11 0.349872 0.967516 0.0250365 0.0457785
11 0.0885417 0.649397 0.0407529 0.0526316
11 0.343385 0.815241 0.0160819 0.0317982
11 0.402321 0.702166 0.0250365 0.0315241
