13 0.373264 0.979852 0.00968567 0.0222039
13 0.48867 0.801124 0.0109649 0.0117873
13 0.494883 0.713268 0.0116959 0.0164474
10 0.373447 0.979852 0.00968567 0.0222039
10 0.48867 0.800576 0.0102339 0.0117873
10 0.419134 0.511376 0.00785819 0.0150768
11 0.494883 0.713268 0.0116959 0.0175439
10 0.540205 0.656387 0.0102339 0.0117873
11 0.275219 0.578536 0.0157164 0.0364583
10 0.50466 0.691064 0.00932018 0.0164474
11 0.351974 0.698054 0.0157164 0.0260417
10 0.449287 0.584156 0.0148026 0.0378289
9 0.113761 0.471902 0.0582968 0.125274
