11 0.405428 0.969298 0.00785819 0.0186404
13 0.491411 0.637061 0.0149854 0.026864
10 0.467197 0.718613 0.0107822 0.0128838
13 0.32383 0.719161 0.0109649 0.0293311
11 0.324013 0.719161 0.0116959 0.0293311
13 0.580409 0.815789 0.0116959 0.0246711
11 0.580501 0.815241 0.0126096 0.0246711
13 0.371528 0.652961 0.0562866 0.0679825
11 0.277778 0.4608 0.0102339 0.0158991
11 0.0680738 0.535773 0.0111477 0.0150768
13 0.618695 0.665296 0.0663377 0.0422149
13 0.720303 0.666393 0.0126096 0.0153509
11 0.15223 0.557429 0.0157164 0.0265899
10 0.693713 0.65063 0.0116959 0.0139803
11 0.340278 0.750822 0.0102339 0.0197368
10 0.490954 0.637061 0.0148026 0.0257675
10 0.473501 0.59375 0.0116959 0.0307018
13 0.140808 0.773026 0.031981 0.0350877
10 0.740588 0.534539 0.0148026 0.0153509
10 0.726243 0.577577 0.00621345 0.0126096
10 0.262518 0.917215 0.00822368 0.0104167
10 0.577303 0.875685 0.0124269 0.0375548
11 0.977339 0.480674 0.0157164 0.0243969
11 0.282164 0.582648 0.0120614 0.0293311
10 0.375274 0.542215 0.00858918 0.0109649
11 0.299159 0.85636 0.0171784 0.0257675
11 0.254477 0.49301 0.0188231 0.0315241
11 0.391813 0.891996 0.0219298 0.0186404
11 0.0845212 0.771382 0.0180921 0.0246711
11 0.181378 0.652961 0.0104167 0.0164474
11 0.234923 0.759594 0.0129751 0.0197368
11 0.573374 0.674616 0.03125 0.0422149
11 0.424159 0.850877 0.0164474 0.0257675
11 0.365223 0.800576 0.0188231 0.017818
11 0.147021 0.815789 0.0118787 0.0235746
11 0.237847 0.869792 0.026133 0.0361842
11 0.463268 0.882675 0.0266813 0.0773026
11 0.417215 0.78358 0.0124269 0.0233004
11 0.228162 0.935992 0.0133406 0.0233004
11 0.105263 0.819353 0.0179094 0.0197368
11 0.211166 0.411595 0.0345395 0.0474232
11 0.404148 0.532209 0.0180921 0.0326206
11 0.227522 0.708607 0.0263158 0.0339912
11 0.272661 0.698602 0.0233918 0.0375548
11 0.606268 0.464775 0.0264985 0.0386513
11 0.39693 0.463405 0.0248538 0.044682
