13 0.663651 0.716146 0.0148026 0.0128838
11 0.549616 0.722039 0.0188231 0.0186404
13 0.176078 0.759594 0.0184576 0.0246711
11 0.234832 0.800027 0.0285088 0.0375548
11 0.175987 0.759046 0.0186404 0.0235746
13 0.353162 0.58676 0.0213816 0.0189145
13 0.279879 0.611842 0.0126096 0.0246711
10 0.353344 0.587308 0.0213816 0.0189145
11 0.406524 0.79756 0.0206506 0.0222039
10 0.0067617 0.733827 0.0135234 0.0142544
10 0.217197 0.713405 0.00785819 0.0211075
11 0.581232 0.882538 0.0210161 0.0304276
11 0.294499 0.768366 0.0316155 0.0400219
11 0.349963 0.691064 0.0175439 0.0235746
